y
0.5765617858441858
0.5257914153701788
0.784328486164784
0.5672354682156273
0.12866343739281347
0.3465551708351166
0.2997975782321014
0.6394480338128616
0.37759182749944165
0.6802458650150631
0.6614914454317428
0.2872038234165761
0.504870332346712
0.3648820205958535
0.710619569175353
0.31985728341407194
0.4694405536624367
0.48734225967897055
0.5169658411690367
0.4323404797816381
0.4177903699676107
0.630549615027071
0.7771499494134834
0.33567554722993415
0.43457295794409107
0.17585732163766385
0.5403817546955566
0.7279333813749737
0.3527134823164663
0.12280251423362887
0.5177616494595717
0.32894542814479044
0.34340624956501875
0.2162584959076282
0.3024307245872853
0.594644536602928
0.3468898819691864
0.27133446291049673
0.19604142639808883
0.44666346814138225
0.4191422927381371
0.5508866282995549
0.4620225108435196
0.4545570153098946
0.5341209697041821
0.65569374454657
0.496391446368393
0.36317018761641046
0.4904584268825632
0.3684926904646203
0.09119693621086214
0.4305837141095848
0.48738215059485274
0.46594642515814727
0.4525835792497394
0.8373620348276251
0.19953249864827613
0.49268036886299443
0.5490150618139319
0.46279564431877657
0.37984946903897776
0.3784451484880055
0.2468540907061734
0.7017347143967105
0.4524658930991852
0.7022106901714119
0.41030014602828274
0.5545402073000315
0.4174089071340616
0.26529750504139205
0.47263385912695893
0.5783388222184459
0.30308995768423536
0.09501876750837687
0.5349338176760705
0.5209528829551798
0.3516515911442267
0.4326319422113735
0.39937711779274226
0.6435481375753495
0.6185727895113348
0.3496192929778986
0.46337073022838093
0.2707585461821406
0.5671306601220479
0.5094487094662558
0.7313040643916098
0.6224950085416975
0.2525455523863359
0.1537840910408302
0.28927167590855
0.5837237221252334
0.48700646924007046
0.47044265814128877
0.5981858663435274
0.4832747017838069
0.119015456879832
0.45772150158092123
0.6862238501846071
0.6457066271236097
0.29808924682897736
0.5086225070014705
0.7896924856284812
0.1537858662038176
0.8024808639842782
0.26224909646728206
0.7446506457975423
0.45778188195459835
0.6067073042303085
0.23529141778916893
0.24633559913259703
0.8160630574240642
0.5148236705179435
0.18290972350676651
0.30448908293346316
0.2983477938511159
0.16503047988682457
0.5180382668525472
0.3868681107309666
0.5533463142254688
0.32094006580614914
0.26328713000386567
0.5096028784404443
0.5912858111720923
0.4161516645888975
0.1021137413718616
0.09333923244671463
0.3975710344222731
0.3841292221084159
0.33783055481962077
0.517221709153833
0.5874670113189239
0.4965359059363484
0.4983857755172704
0.5460817649129016
0.26925700076786957
0.4918566314327328
0.31551082557552484
0.4859711384028687
0.5752123126485664
0.6493554829232907
0.10273787719920438
0.40721754894377027
0.13821564730482847
0.7382019762945041
0.3029718745283942
0.5222437479290921
0.4607246611672125
0.4033408497791586
0.5363229201264242
0.47028809494750917
0.7279188543960161
0.22060185605401678
0.6481025405254505
0.47518287250254737
0.5554688664772863
0.33169540893543165
0.42791426187729387
0.20855892859883068
0.20954643921819974
0.4948334974021688
0.23196282816594835
0.8457256272741921
0.502474549900339
0.35360455596820145
0.29133448837660575
0.3620859337854107
0.4390126184225526
0.3668844542537641
0.6458889146209664
0.5736872850949281
0.3209249131355884
0.3996175039089764
0.37896177671240894
0.3899246640917497
0.7281724942457437
0.11106675473706917
0.33796356303921493
0.4810507941972348
0.7185767224080626
0.5865665540724229
0.1473360822410841
0.38673106254114326
0.4350684437416365
0.6751842320143322
0.3368000456550109
0.2135788854497118
0.40332529918615306
0.21983849900303326
0.2082270014528806
0.1128532425918104
0.6507088568558727
0.2591009183289004
0.08863985538346597
0.514198266607432
0.3495010919093851
0.5038113261245617
0.3778624592467442
0.4849064878495914
0.40574562195365743
0.10176418773236964
0.5424630602500128
0.1865016768832694
0.6421203569132365
0.342227100006454
0.48247157470841856
0.3212175424632238
0.4191906389308388
0.6905031142656075
0.5208323151083178
0.5776034834441364
0.40298452642551763
0.1732744114361636
0.20513619222980284
0.14148759742691142
0.5213007198411904
0.7946203218784109
0.4011964727768607
0.16856334709480186
0.3730110820651606
0.295199000336185
0.18394328718737202
0.5405512966493194
0.5909268984494787
0.4637998209151862
0.3276572964113874
0.27098509285415623
0.5512885827989268
0.3681000825739425
0.5953694091918549
0.25047458878136364
0.31235394021944113
0.7419772220521365
0.18746716027730267
0.6444303822133687
0.4389338142207704
0.48372064021844513
0.3347098866491737
0.36571635067208835
0.40534876955256544
0.5797711192257237
0.4902691795473549
0.5189235610026786
0.5169943694536399
0.5868796934248264
0.24373305271810694
0.16342008444461514
0.1976800311940534
0.158328906075395
0.7439696391116539
0.6615221280335125
0.8264698205512867
0.3518006580421969
0.3704495966968103
0.5640825444980767
0.6705339858745586
0.6121046567521846
0.5305991638734926
0.6744937089552365
0.36156855973782853
0.4269152019451636
0.3412547186040534
0.4242709720510336
0.21553497790115597
0.5543616068512388
0.3431301220326863
0.5585937236131638
0.6367721057294002
0.16746962729621898
0.17143065684312697
0.3931487383052579
0.23710487927705867
0.8796496130144972
0.34162643335562093
0.7251482275688411
0.1179122158521789
0.26320734302323007
0.41456113943905437
0.690944676765835
0.3501456397579121
0.49857903496550976
0.5647100505028683
0.3408617097061708
0.5927038643870138
0.2549940764789029
0.7472442217582586
0.41607959276475237
0.3567790569017007
0.24568244803533987
0.29686448257949855
0.33110651835331023
0.43955790698648917
0.5540164643760881
0.415333328866576
0.7444853780290814
0.5019498271729994
0.415602987047559
0.3458986564644068
0.22306459659436992
0.3711691170875486
0.17048831666821557
0.3075992223766765
0.6105992374887523
0.41152028062402807
0.5888050537871318
0.5318529045899909
0.23709440516256794
0.2941197412018928
0.42526622832397815
0.5245184845610043
0.3870675156676125
0.1984330734969947
0.3541912793992424
0.7365776903135351
0.15495211696997271
0.3725335985283453
0.22400693707320327
0.2949639143541661
0.3994323924417697
0.08135695857676306
0.5325761776009118
0.09842849267555859
0.45374427949461266
0.5977356579533196
0.7219869144648159
0.5229965836448491
0.3563100523221608
0.19926464817522796
0.4664697519739713
0.3062880093947491
0.8312106384963441
0.34769759772670666
0.3257307187591236
0.60636174131261
0.28327837285661733
0.5961447901938718
0.6659298491565002
0.27007913306017167
0.8265999373882534
0.5789973571800776
0.5049440962700907
0.13101143784568006
0.7315988937509935
0.47457454051730025
0.5291861028499331
0.7988247450216132
0.25310369860344956
0.3596241517593539
0.33521859437441426
0.1328776758870015
0.3329771581785544
0.43915520450862305
0.6249541877800459
0.507824361809406
0.4968593592839608
0.4760964324066161
0.8198254174983164
0.4958811172312924
0.5480120849487004
0.14244976309493312
0.47084266996216884
0.2126635221849907
0.4489963355401186
0.2665668189232994
0.3407759769805839
0.5201952360515182
0.5306340247914623
0.39618375609050704
0.5918359293397492
0.5020164413748148
0.5534040659790906
0.30688335982304144
0.34834305669792326
0.17310153795820293
0.5721639746717966
0.4024046264534892
0.2759238880823878
0.3234639203799918
0.5049628572702881
0.4381999619211665
0.256804024331414
0.40201543874780254
0.5340246439620103
0.5928078505785527
0.37921862406580603
0.24706307618447118
0.4350895876522652
0.6916660886816771
0.2408478731968938
0.7831306898404663
0.3268018679102889
0.4207344769529196
0.40733704400787685
0.6979099233476489
0.8060184934128377
0.5045253727370629
0.35766192983516015
0.7062697899807455
0.8072873191737047
0.34637324174358436
0.19902271584452033
0.1870414166487942
0.4213873407210658
0.3021144477010402
0.5750953840936261
0.5181571249368325
0.48367497730225945
0.33779008242268654
0.3595880214658905
0.3584836302234424
0.1970284010431077
0.5411610834339874
0.5578323532349477
0.8238299387241627
0.7775837824827708
0.4797485524052509
0.26593794216415106
0.6227415262432406
0.1763337213247223
0.3464018745014296
0.5400658202709332
0.49046321761355965
0.3924587578337542
0.5866107193340504
0.5446859489090844
0.6383091251263067
0.3714973780219826
0.5086232738429024
0.7249013564848777
0.43060782970623884
0.5588908056379444
0.6197900918838765
0.36444136531749816
0.8467687082359515
0.38072703120907003
0.733896182397444
0.32654142318549934
0.2929031858837641
0.7545187761923278
0.24819571243455898
0.33777493114420415
0.3488558789148437
0.4557714719580861
0.2917403922739372
0.17137892867954446
0.7451408114820331
0.20015979377730708
0.6034084810353086
0.1356608992269913
0.33649030785278206
0.4796979608888146
0.25921596602440883
0.4485700267597759
0.6552158829127247
0.6378166787521995
0.4102018808255476
0.18916553475602718
0.2714514364408622
0.6166882672465392
0.36040775412285325
0.48883195716455435
0.6056247658770177
0.3692707339033706
0.22291440659941938
0.5611782942484239
0.7554625350204425
0.45887550745870337
0.572506206265952
0.2850844933430789
0.08535798592777308
0.6405898315186017
0.4950360477231311
0.2742641303492426
0.7454804186012048
0.37835994400922723
0.311438481398646
0.5896830663255727
0.42385500100385565
0.3169022348158225
0.3173675535983584
0.26929443578053675
0.5967258419137453
0.7478950371203731
0.3758764480844317
0.5415490909101547
0.7611794223426446
0.1385447751729653
0.4991919999719759
0.6485209190167652
0.3690685074398251
0.6432517040496436
0.49498413974514394
0.3181552353653306
0.6821580512360513
0.3365793889533524
0.3643065824045611
0.09865475781473576
0.18708269953661494
0.7040636388789794
0.7011796810560236
0.2779281798479112
0.3527993138160643
0.7131107877474506
0.1830069871300594
0.3730750801577601
0.5746134941496074
0.3192346940964558
0.8474134421493927
0.4602500577476985
0.530607614331691
0.7354601426980394
0.47355096667421964
0.4966667800452776
0.5629823950519912
0.19716055356373205
0.29963532063099224
0.29688735563505525
0.38623220876774234
0.7614142311081357
0.5213708687162775
0.3064166540322166
0.169364063334888
0.1867339612417883
0.3698864304800254
0.3757559227087515
0.557944778659665
0.3777234454363542
0.3192483104527357
0.6231087103248725
0.3708871677355831
0.5343218505006001
0.2902450083627967
0.4841522971503926
0.22067073048714242
0.5726373896173568
0.49654155534419914
0.4842852998064507
0.5027438129273687
0.7937807299806314
0.4154681270776787
0.5802233264682376
0.2215817246957138
0.3162489632536514
0.6058845260797191
0.7274442445474547
0.5548981032673301
0.6309719603760656
0.8100213971253967
0.08303140126148226
0.5418582814926628
0.527843110616791
0.5910020437806757
0.22301937211093933
0.6493114931367397
0.2642533382183902
0.26550677740366646
0.11845207839440713
0.7595749126029897
0.23104210697383717
0.40059475962218105
0.4913654599106226
0.48067771434721035
0.8350245246603278
0.446811141361866
0.42923570500641334
0.38693309097085016
0.3068290475399242
0.645178366991248
0.8413494730542398
0.41052850470436847
0.4018898975206379
0.8231499200558203
0.4646403787226336
0.18562817195677392
0.14404527406764836
0.5428028642439904
0.4844835665185105
0.5553875046372284
0.7940949395650757
0.6847834348871865
0.5657451332744973
0.28176402023489683
0.22825791975113993
0.7990117493688152
0.40462052853125313
0.24067244220467757
0.4868707372454722
0.22143689463063937
0.3915993967155043
0.3178631669350836
0.3653660674746663
0.5643269078295775
0.8198085675430464
0.28266489984185783
0.6115841788727759
0.5843112483786774
0.6280453009323441
0.47499479563702934
0.6558703465906828
0.2748269077677706
0.6236355892899768
0.47544321559400854
0.3206465347440645
0.5537789469566154
0.4835367966804222
0.4866585148538674
0.4555600607407848
0.6253515917899636
0.1464606619829269
0.5455504513613076
0.6517624065714589
0.4842894567245554
0.6004377106103481
0.6238155447419705
0.8121032475580451
0.14500913177035984
0.17653835943000562
0.2125591061877503
0.38601337000101893
0.4482704700120124
0.6088968570800654
0.17973917867260883
0.5462149622878626
0.2718376288311303
0.7032232632859022
0.41975197038435
0.398566111332203
0.5252564695254464
0.4172774720335936
0.7370060651991498
0.08941531425993385
0.6119853031730013
0.48814500536585453
0.5765756292722168
0.1823949561115724
0.20569798886254634
0.4858002976581504
0.4783846890829165
0.45691557426605994
0.3617223435006741
0.8958688147684765
0.1754693137162432
0.6623216030597453
0.5414648926178324
0.34869919505387736
0.6531305397901793
0.1950970489744677
0.7587218530231621
0.28151954396817075
0.5527522288387271
0.6638080700503814
0.15358555341819807
0.21938179117943407
0.4067156914697187
0.3896319034201688
0.11609662889892
0.508379274306577
0.4466611708929095
0.5663616636144474
0.5461220211934118
0.6602776586529243
0.692686585342781
0.42302850075807236
0.4629886592328195
0.6550435066645671
0.4380408088886073
0.3258779122809286
0.5599718564935795
0.5630686436062695
0.5783708696940295
0.2689870317936563
0.1463725747073307
0.7377352040941298
0.2357742734849738
0.2475293824732445
0.36579827689029937
0.5960955604764286
0.7356201320938083
0.5202347679536795
0.5378994997772918
0.1083430314611851
0.6720639727001965
0.46018871022855484
0.3480498980865881
0.20702560921325977
0.7334735765108327
0.40199018490655775
0.33138035468255195
0.38401177445484075
0.2593067857320647
0.1372430106794266
0.6359795438326307
0.8429805983244845
0.643581937190598
0.2093036094651184
0.5808397640032664
0.30352739079528895
0.5225632489349921
0.8044050533948791
0.36692282009660965
0.26276109399488584
0.3724336696958742
0.45795019806866616
0.4697442983905546
0.559253684013505
0.11130273997840848
0.6434913855492593
0.644800049539745
0.37727904428299724
0.2733726242924084
0.5651741012408807
0.6727017227511297
0.5450723970846788
0.5018936122852153
0.4633878498178048
0.6162164807504285
0.4346606425973335
0.5348560674124091
0.2745412784492816
0.5474890496027707
0.40138009017302434
0.41454374399138905
0.3637846017816894
0.32089179200538526
0.32514346029152835
0.5116378889473105
0.453826352364663
0.19561592497331684
0.44696083924616226
0.582524645755825
0.5226455997613705
0.4117735239883458
0.08343316275929016
0.3524032388426294
0.2073335058512631
0.6707007863774453
0.5696942113523651
0.5997323781041838
0.5626968630970692
0.3964423885246912
0.2613591593367624
0.371415968161247
0.44743283578739834
0.25483274803658756
0.5523533534606229
0.19553573492349915
0.5925281753290075
0.40566420754704907
0.5654560084367617
0.40594059008329103
0.33160130086562084
0.5282160560401136
0.1400472886976887
0.18433176811813115
0.11833358309748526
0.7696387831539755
0.630490181470835
0.3390590284907142
0.7219279808521128
0.3207038007709085
0.5674272862540944
0.7024234923421198
0.4435026652336053
0.2830219400111536
0.5917867063508584
0.2645758558733201
0.27602044963343025
0.40979841929875943
0.508332943086947
0.37956201270672796
0.17235481794661545
0.4403633658866856
0.2616753043199567
0.37833422413571033
0.324131251799756
0.8894925200023382
0.6219913843439565
0.7572367601183952
0.16514080683439736
0.31385609960746524
0.7462675207785823
0.22268023974205706
0.17691337512333113
0.6337859480952475
0.47180278919317714
0.8665607116455519
0.32709003846227674
0.42378649036352484
0.7857877544038284
0.24712457064389257
0.3886927888680485
0.5319842617596341
0.5577296026833267
0.690192986442902
0.5166525493234454
0.5996088508124454
0.665613711295978
0.47385848441388895
0.3443002122696542
0.37869382056133244
0.6087325589081246
0.5525063744001203
0.6156777966196624
0.6087188499329595
0.24635506822834716
0.3212126185893652
0.6047811052430142
0.5460895516969732
0.5765849486076485
0.5968503319217328
0.49892154589840604
0.42074082084832737
0.41249207746477695
0.6869371239300653
0.300338921055041
0.5306338664676937
0.6461999958735695
0.4106119547978981
0.20717514525938308
0.07866589638149549
0.46879032007933763
0.47094234272676055
0.5531352657549905
0.3312649236248216
0.5846128939591618
0.3612720235083983
0.766738768364951
0.7309953978952756
0.7462443953979818
0.5662552185475922
0.6547633444577138
0.4279890164082826
0.14518360831316174
0.4154085694945621
0.24706511008619556
0.5642893028641865
0.40984524454074867
0.45272423026067166
0.3590633226046443
0.410813731337047
0.4883636601378986
0.5205249947405054
0.6298324284725028
0.34150049143642797
0.2915537507772135
0.4067384789297644
0.25118611489461545
0.24195646099171833
0.0898257565989555
0.6640101172692663
0.8684334340551744
0.6649538575686197
0.5076893061960464
0.8327776026427791
0.6571858011996077
0.4930467365475972
0.41854171659938927
0.4711440016017446
0.24764917254783922
0.5233582022942542
0.5533599197615707
0.24951564976620885
0.5301354086815607
0.36850199024656427
0.5319431411756077
0.5116186761578123
0.18095542099704248
0.12799675489363
0.39764369931181603
0.8453475602606044
0.3610653399484649
0.12951894511631368
0.5970038992461436
0.3814425681734638
0.5126155653261653
0.4995479933492502
0.40243976645496765
0.7104967926922878
0.3148759828592343
0.0908104261519892
0.5719396847968323
0.268647089313886
0.15763389789552668
0.5141450607349886
0.3059820086047342
0.3876135897752431
0.4080520608916479
0.4399369792120454
0.7231622647835296
0.6022182999892699
0.7209077869948741
0.5384413835639972
0.5756763637313576
0.6699545166905196
0.38718660105756136
0.25619328713290745
0.45852541777022787
0.41368110370094785
0.4103386844506579
0.41194399630077627
0.5281735573793157
0.4408413578245642
0.5587287290509207
0.38403600182227554
0.5419245271806197
0.4902058875147673
0.49815764778325616
0.5851060835210883
0.6551756908805694
0.7460973965884643
0.5168293805182095
0.21651581255185293
0.5171084231589648
0.8361251325625889
0.41289931857308604
0.43262215477409255
0.4014957828754673
0.34654309248557297
0.31724064744943453
0.33124753591249606
0.08615478446714442
0.6749283710708824
0.1261053504605193
0.23934130293611303
0.49110953154516285
0.21580669294061106
0.2553782223771284
0.6758131729070254
0.5990754147289865
0.46121130138337413
0.2725659431831456
0.30694737511196696
0.449518757894902
0.38933182079974893
0.5951996598308368
0.677914569664535
0.40352536621461815
0.16133077336868812
0.32481349247723884
0.25250328098002817
0.5224202772099016
0.45003235479643094
0.07916293228038881
0.16385291394004814
0.41499570273603675
0.4172218487427602
0.613772095317919
0.6728329543632469
0.7408080415718545
0.16333127374962125
0.22818326113740958
0.5199920839296902
0.6628168726698951
0.5589286455518242
0.4635682184629301
0.24526336649108013
0.13856330694579486
0.5345236750822503
0.5467300528613205
0.5137827822353734
0.6479290835040222
0.48394496644484725
0.3056144639899209
0.3850903542564333
0.4988754894592033
0.5346647918437725
0.7279531053804055
0.47887533097795737
0.3812430260748415
0.7864853048510715
0.6474318410469722
0.6272569553770014
0.44397479122836975
0.6575975186256163
0.41003072552154
0.4597616511063974
0.472023064501702
0.07241337185029867
0.6820943628640598
0.28785658814086773
0.30188748251225167
0.5742992803950042
0.508495990094539
0.33759100111367296
0.3893690587472242
0.5985585977979764
0.4985766432726189
0.5597568231496667
0.46706656828593923
0.43882135169164593
0.3207309110965317
0.11509431333239756
0.2798004854007478
0.1049998454990303
0.4559020225627728
0.08214266816593113
0.8626661537161164
0.3979806249520205
0.8310995086404653
0.4894285953480803
0.22086914982006228
0.26909726831690733
0.4940659271399193
0.38203812584489455
0.2830549684915529
0.6250498248889286
0.663800298118753
0.47475927393396916
0.7964043095858011
0.4171961846703733
0.310973431636209
0.6007237558269846
0.23005266482223832
0.3541080003861127
0.6701283984397833
0.3856938315791827
0.547125276696101
0.2936562493424035
0.4529865299088445
0.49971194308375794
0.21495118665274
0.20327030282721117
0.7139758151380133
0.2839425722388604
0.31439435920075115
0.5339970770495442
0.2699653295736037
0.4819846103986693
0.4809698505951829
0.28533055892514475
0.849013348231357
0.5869683801386764
0.7177589595540795
0.3812422618786396
0.10112175989228736
0.25707839496413315
0.5513977235579077
0.11451765000115657
0.8007841012279818
0.6323437808542491
0.5472554754703016
0.7108058111473367
0.08652463535376667
0.5847479982060374
0.5143193958569258
0.6427168554811625
0.4071923086941969
0.17006295144813435
0.1781300575393389
0.12845938958929376
0.4306917664106366
0.7668673578205614
0.542084168104446
0.37907045648042254
0.20680578336126706
0.644531870520956
0.723934175814703
0.6507530187478379
0.24897090583855044
0.6032903427826911
0.31663697822972214
0.5230201143910441
0.21688115282278872
0.370659970717808
0.20783673629776472
0.6166542185163609
0.44199551507886414
0.5849675733395643
0.3062753205935123
0.39977335296988475
0.4193734095806338
0.567280309865357
0.4730941261186074
0.5791902105535695
0.32606683731174974
0.31523836217457796
0.3117102156322749
0.3420234025512469
0.7409227371836821
0.2897048259628035
0.16464327213453422
0.18521066597491898
0.39575441625724234
0.5500867598765768
0.3973458304983557
0.38205010864516153
0.5302183404101143
0.26481770929523474
0.4274983431389216
0.4190487029340689
0.5877391936564791
0.34493600625279935
0.2750075328557375
0.6319061546240244
0.6392891541291086
0.7204314280719945
0.5590601564146963
0.08152213630889965
0.2833189981303072
0.7615033499482752
0.5894959990034717
0.8714405884191827
0.8045419696744324
0.34551274266067283
0.3886169801048884
0.25348241059978177
0.21539887011991216
0.49640761067646194
0.19388991699633656
0.7218749428203616
0.5139811567281265
0.38774111749972606
0.35887529736726137
0.6919887896131789
0.2795499130423881
0.46893049608047566
0.40427452506099476
0.3914968929329086
0.3012454858258908
0.7480658369890628
0.8556547917794955
0.5017413909522457
0.601160188891976
0.5474577801308708
0.14611492825765698
0.5167131161524484
0.7427366181275611
0.4434907239339048
0.445181331823599
0.09200676225812213
0.5121874921480024
0.4920031335306008
0.37041916952521337
0.5940245173777288
0.6808575783640234
0.18103010031777383
0.7019514015300589
0.5701121763189209
0.3501734615576564
0.5396474330354494
0.4489326034370415
0.5277754390827943
0.1996662570452179
0.4783555919540862
0.3553991172806446
0.8474259501719538
0.5177890679337772
0.19494772036603897
0.463166640464158
0.6103364231542775
0.36157630874704055
0.15892228624944899
0.17456699851917007
0.6668514642696609
0.5078595759970443
0.3432381848038993
0.2557379381617555
0.4960770232315353
0.6452363922263732
0.766652535999424
0.27610874955234843
0.3819326584804487
0.5549209250047552
0.24617896486667143
0.39528741078823604
0.7286750315634075
0.4752218677996268
0.5926586728845544
0.6535268042508925
0.32755650706278067
0.5311902501200984
0.5439424866316981
0.4111639875635722
0.5697780831642715
0.5140296689774516
0.724581927426031
0.658395913706471
0.3515694528900075
0.7949335887741426
0.4221451493642587
0.15942505325077275
0.20531665801020083
0.5047966281330206
0.5002774670365804
0.392031461698571
0.2509106566528541
0.4102642361409061
0.21958421886012752
0.5369280685441722
0.6352424010895575
0.48671787946406403
0.7426575953472806
0.6896348908387139
0.5035671666780502
0.7479765184650385
0.2829333905332985
0.4762475753583279
0.3617103626556911
0.29534578863397176
0.4554353764159753
0.21474486546231286
0.33188458381775754
0.40489360978851346
0.418605140734959
0.5278304931211735
0.564192509567619
0.34785174538272945
0.4669701862675147
0.5184135457129676
0.564066326688404
0.4193300246394464
0.4497047328501265
0.6376007369787665
0.6925242158712169
0.751396926580819
0.28525551715621494
0.6353290493461582
0.34875830438450767
0.3284379322976357
0.4368646946005796
0.3106942785830791
0.3854984870431049
0.6978921292731715
0.4664798587900843
0.28065815280094925
0.7472051999614253
0.7433280454981073
0.6878149924255997
0.7683052573799999
0.35612018966629205
0.4105987775865189
0.4900346801255731
0.5868757355235877
0.4427397941988271
0.630842013053276
0.18919078736448847
0.6701024490437053
0.12075183762213887
0.3449188308394591
0.807541265912134
0.4027548777337687
0.6058278472036677
0.15356010370884085
0.501050854379597
0.6277779288866208
0.29105628413011986
0.42005801817811933
0.7168422105074788
0.8292188977495786
0.6801652946876875
0.31049332895687226
0.19917441040255007
0.5379073844700276
0.45368029462789666
0.5140992165898961
0.41445837953641723
0.4059409981713023
0.12149703610628032
0.08751158286744529
0.31357488795194116
0.20514381670681656
0.3623737729484611
0.6205130854601757
0.5555165773846387
0.1669310696891657
0.5758723664156188
0.6459289372602889
0.4493636068534051
0.5955612234954919
0.3698886862020578
0.16427305885532206
0.2894127177587702
0.2089984592644206
0.18641361613818372
0.8452014670990764
0.3453512148419905
0.36050368572300956
0.2760273862206727
0.38367501487999023
0.35493357401644177
0.3956280553295018
0.5043087045318081
0.4474209603500791
0.6735604537707609
0.22252185509725936
0.3580100220982703
0.5229320945666647
0.26687919661182385
0.7279227334525474
0.6247068209524179
0.24239325125073438
0.5207446124591206
0.30535670472486837
0.4876437456589536
0.21812352927264578
0.3579564040724185
0.7070015338266229
0.24464236763833944
0.2994404477746113
0.6383410241290621
0.7449729463944363
0.5491778805452354
0.7131080301808493
0.5778420738207592
0.6713265135154252
0.689788105510852
0.43249793523624563
0.5888992978504594
0.5294944991969305
0.5756812246793902
0.49114630396080544
0.6283300695564218
0.28077502443443403
0.1742735669431104
0.5983889265555418
0.20612722677273582
0.3333775928544466
0.792985216050578
0.32726345230540194
0.6274706017164987
0.46871109491290525
0.3046305835638838
0.24661502875474636
0.39942307895732404
0.5985021739728117
0.4442952626799533
0.3635064848617862
0.14526113451762013
0.5556010006809841
0.2755233364643143
0.3245940789376138
0.5695794970975513
0.6594858263103675
0.5139680324514161
0.2364196264796726
0.5559237934534305
0.14454170151004758
0.2080193426044162
0.3208672258706921
0.4178205274657351
0.30945043782270565
0.4421345629399895
0.18886663410490484
0.37945408326616176
0.337265331894361
0.4720866035894556
0.5762122295342077
0.21270835516618583
0.42669133031735335
0.16054229002221837
0.6788269951998306
0.579783300646307
0.5037369808698327
0.2956109649490644
0.5422626285565852
0.3307869401850536
0.38440097632535497
0.6801532205482254
0.5428665130703088
0.32764032694640105
0.31280353968116054
0.2250327768164487
0.38002436681087487
0.2762241884053912
0.5836156349902523
0.3772395844058932
0.10271336408813905
0.43490748130302076
0.6831962571576563
0.1821569791640221
0.5878633189327949
0.5368913875744535
0.3333069795290115
0.3022609812572958
0.7502482369820455
0.16508670628179142
0.483734855208887
0.307435281529669
0.629790202406758
0.32633767283247195
0.47998616767246466
0.7677932678547009
0.5865301328590231
0.37826238557773956
0.45387415820851085
0.3519904612680214
0.3797509862246831
0.5146625183924616
0.5214040715448267
0.8413685665251582
0.08790557875721117
0.5083199208527313
0.5990061436655033
0.51116467760085
0.5395361375606611
0.2484158707794106
0.5378065590804862
0.636465660551319
0.7275817247764493
0.3688307155634777
0.3706464197548505
0.5104489060308219
0.5734092191100356
0.36432999384275405
0.4704699921085584
0.46416108387966803
0.6509510556151787
0.2870451273752695
0.15340527378904442
0.29458785459170406
0.1574433126653689
0.5028740409025134
0.4950642866548686
0.33693744906312845
0.6260307573843805
0.7042664218472796
0.12449600295192095
0.226466844543855
0.37481523202816075
0.48173891410689756
0.3306760409921711
0.2968813172207688
0.5223267270837638
0.6390709861527305
0.5015856282831402
0.5401347678072362
0.8356851132864692
0.4686813847429607
0.5422886942391947
0.6344754638991147
0.3073173458668698
0.3033613098795972
0.7655813325792873
0.534781144208171
0.20535561169945699
0.2387953024534609
0.6442086446019796
0.2867262688015593
0.47289699285195347
0.7175754466527765
0.8357272743960008
0.5311874779597423
0.8242273204170957
0.7600305694372179
0.15904369766214446
0.3087361876092374
0.7773551196259211
0.5981638163678855
0.38901525475871174
0.5172462059907026
0.6491720366984784
0.13409718212677207
0.43665766081831336
0.3996491630247165
0.6743616631994597
0.43093366990706883
0.23433127048124455
0.3930315190212352
0.6590763414248304
0.3021448910600512
0.14509236383293073
0.6017725039827891
0.17016846605531796
0.0788960328420614
0.8136261666253672
0.245651695437014
0.6492496647096684
0.45473172951311236
0.44555529275701283
0.5626994412648358
0.6460940456536078
0.4957990606736404
0.44751073619213716
0.4427267375925279
0.7595076817782943
0.4771368221575217
0.5397970838206371
0.8560082430872394
0.3397408633469248
0.26853207078439006
0.22825621337067678
0.25289547488509007
0.34327184376676284
0.7459067947684256
0.2329310741509741
0.2111936330999323
0.26600789494804217
0.5318945893116034
0.48530949396663076
0.6471265558386762
0.4242818499636249
0.34175326955528956
0.3753728682599009
0.3652906415709398
0.5506822040333595
0.19110175135219903
0.3719466344457017
0.6060491114006069
0.4892876328199634
0.6638081951532583
0.4185179757329685
0.45017585760383155
0.3454169635688256
0.45235916192301967
0.5717453623405688
0.6460162744586035
0.41714078525120585
0.3202173748046832
0.6522552158454629
0.4644195878991127
0.31881389913423636
0.5387188106559395
0.4675992054214211
0.4720686196549277
0.2860290206371939
0.22478021081243324
0.28643548157890336
0.417097243882074
0.49204166217811857
0.7125379546856451
0.4528324049120005
0.6126826619631217
0.28353084646488985
0.389335988530714
0.49924068271135486
0.4906356645042825
0.2926586672878592
0.4707468160377907
0.3728658215554593
0.6765892168562959
0.5872792914290301
0.5406912311743074
0.15559631013698588
0.5123446857152736
0.4385558546316184
0.29781303701662004
0.5237843001051042
0.15645795823859118
0.5533218830527057
0.5553943778435961
0.3285611942648643
0.2629421733126333
0.3705525704214065
0.44983607633681016
0.3549358297336505
0.14255144493349295
0.3212416926894381
0.5321057047820966
0.683720444110249
0.434956458130747
0.19177336622173993
0.14264365766058346
0.34714999964625004
0.42613371111682613
0.22289613954488782
0.3732326463308176
0.8780951480414372
0.7290743062015043
0.6241899261887435
0.34977999860015435
0.4735571439341402
0.48124005145029997
0.33747003486455446
0.6195840663973655
0.2342148190232398
0.5651994599361978
0.4728101293936954
0.27766297711196136
0.1468974926743096
0.22866078909514667
0.7648945895565326
0.46578089406860773
0.2722630806147782
0.4157182748671469
0.5154195030733044
0.20881207903584886
0.36122865304120444
0.5886999342196356
0.32181722148579656
0.34829100330173085
0.7096098975171622
0.4047743609162106
0.187775943376206
0.15035394489848844
0.29661269309798216
0.6950304085369599
0.41994465552021604
0.6323367683415004
0.43177157070240096
0.3012821769123767
0.6673549310263373
0.3779813947355136
0.25834039838683576
0.5597215316672876
0.20531150689841374
0.7032239506542233
0.4753718204347847
0.2715626545698609
0.318728827681989
0.13597404304862235
0.6681743101836434
0.17246300902551936
0.601292836336256
0.69381039840818
0.39536981374645014
0.42459773666335027
0.563001359322415
0.2470261258557961
0.3242983043775384
0.3202517118022057
0.3615208945447232
0.4992883153627449
0.3702886775352066
0.5832007518366058
0.2239713396180997
0.42911654376432057
0.6483129936993559
0.2995856788142881
0.1477288614490085
0.6443406757003577
0.7048832724445087
0.3318795459237191
0.3616342419978975
0.6129846027180096
0.5916928255583807
0.4724592057363424
0.421381294506923
0.23451002920960326
0.5759306766409473
0.73895090891694
0.3575281503460078
0.36317418741769497
0.582465240274033
0.4930099504714271
0.5602784432383598
0.6078973226222902
0.1216448839283458
0.5447123797456936
0.22586604349892123
0.24012301562328028
0.4719831177796802
0.49484922935823156
0.34099739050506034
0.6731078400861698
0.8206149762170377
0.5240318843420292
0.4246874075765351
0.1511144469038801
0.4551372141427021
0.7851716167696607
0.565188208233049
0.5282650452379827
0.48464267066878747
0.43042350878504804
0.08457018273286435
0.17004622103345496
0.6092413982948225
0.7164797035672572
0.628505703587559
0.6826671781233388
0.6791292763459095
0.4686066630512668
0.4713100563528905
0.5935329178806191
0.4558504287430793
0.24143000588025929
0.40426889660797505
0.7959519493084931
0.3328943153204122
0.3799513733670586
0.7823214049519007
0.4305020875539782
0.5456984972078848
0.39824984936404667
0.20630327856826247
0.36936128222289705
0.2793626365280653
0.675544500725698
0.12353733404463801
0.33813406705866367
0.37209179362993744
0.7596319854109086
0.13519076627004264
0.10446516132830833
0.4291255066340805
0.19571563465442643
0.48852256593068516
0.3120119690674606
0.17529650804628377
0.23895780013914228
0.7559407400100291
0.14330971299106487
0.4721884798361922
0.3761488223910591
0.303805030758443
0.39824488573206773
0.14015331944309303
0.5354405386763968
0.08600239890361869
0.2417854632005181
0.32216215956225674
0.42212657293154754
0.32859937314810156
0.7448899422903325
0.23846853474029175
0.5388290401125503
0.13428555161251454
0.6232425899489233
0.4819021019388496
0.35375365413085574
0.3466513979110572
0.5225246508478151
0.2652492131793381
0.18535959021652448
0.3616818306335149
0.47910591219447546
0.43526448991311434
0.3295328301233515
0.5061727968484653
0.25883484234190973
0.5872679511597603
0.3544355944769387
0.533687354734979
0.7633191099379596
0.6183991486204125
0.4339012205812119
0.26813084764441436
0.4137719913649194
0.3988876833114962
0.4493321577858355
0.7056842307899097
0.3164975799249331
0.3986079081157235
0.7964104746446387
0.6621571300055071
0.6827033962364125
0.3286587724897468
0.09520239765028018
0.5186105211159477
0.6213953604808587
0.6621111758274146
0.4634017897459706
0.4872757573677627
0.56904293217018
0.4667202377326848
0.4402719745439451
0.46288504160132776
0.10988736694917031
0.3178762727340985
0.33845236212419977
0.24962478505757782
0.21171673665609997
0.1045148918829773
0.45630439238870635
0.10652385044825452
0.7079736600606686
0.5828251781055153
0.552845112798424
0.7126911282307352
0.5688822864953608
0.5281619435256422
0.6669296357932272
0.3364580185544794
0.11938752229610297
0.35031198439121003
0.7212003414202781
0.41137356411872317
0.41933220135147214
0.5158565527263673
0.23557282472535843
0.19194793512919717
0.21459110382699753
0.6772521212569231
0.16329437579332468
0.33218431076016147
0.14869953654095872
0.384316971265728
0.2623621420093741
0.29641517111852894
0.268764313694178
0.51434173202
0.12761532983258977
0.3249047426355263
0.6077588232932415
0.3252699543393991
0.20880170516471339
0.7052133630890671
0.13849037298103187
0.5806175643273374
0.578022901663709
0.5659645805561825
0.2786094519033549
0.60379884994963
0.4054426395892055
0.3592923362567663
0.3758645762045682
0.8683265086079605
0.29993772158592175
0.1696955523374427
0.5690039914264581
0.549367266120711
0.40089925629709866
0.2722497403584639
0.3114965666270803
0.5393921526367643
0.41696963854671854
0.3343150406043058
0.36156553654633866
0.4890001881761252
0.4573236660082386
0.7724121261913125
0.5322073669580856
0.36371900854853506
0.584977131922947
0.3334166787422825
0.443356392080351
0.27283169039482935
0.647232742455218
0.2249798380860242
0.46659123243917683
0.444008024881315
0.4553680554293677
0.6608507922624307
0.6251002866723196
0.30292831801776005
0.2118363737410128
0.21974941296012637
0.3030393382459024
0.10798781563016946
0.2745041350299683
0.2590827754551173
0.4343967507558338
0.18010765427378872
0.5228310519371198
0.4526235249623208
0.6281124477923771
0.31697312302751324
0.7396940502413331
0.26072446346461603
0.6790997834421132
0.5714486148112755
0.6014549958667204
0.7515208997443891
0.11544774686255499
0.5995642288229953
0.5943462672867826
0.4387616431593015
0.37923797085265165
0.5161726787257586
0.19557688377734775
0.4434996166900172
0.5130552155607163
0.5867196274303232
0.506190836689285
0.5504851552403259
0.7963305216919413
0.30379270702808864
0.5285365479837861
0.3711977857587283
0.672996614683872
0.36880206636789964
0.1494944785850483
0.5343752126963776
0.377801445046625
0.824939261554574
0.7180588737652194
0.6282303325585866
0.5613311608649527
0.8006645673722833
0.6728991566363975
0.3330548715103973
0.18873041571292457
0.4110575915939699
0.4524253164547035
0.10917616952604
0.2841054920603779
0.29820708169741883
0.4810395312909315
0.3150592174730462
0.5286688664908303
0.6283944769979425
0.6465380072932742
0.3282433202528565
0.4802718394310526
0.15890575012974956
0.36971618100043896
0.14696320081723666
0.4100274390644168
0.7108913940628548
0.6024213290471859
0.4795580150887016
0.4395305803033403
0.35255120952465496
0.47750431043442515
0.5955359861556897
0.6987409726557993
0.5537356677560847
0.29184031457625487
0.5773317511575234
0.3202086929986088
0.5215802769252814
0.33138028024502414
0.4938673947067416
0.44640667883259527
0.17553460510255997
0.38503267889942694
0.596747875315697
0.18426342357297013
0.4472548621235713
0.64134489956625
0.659344461565316
0.8876400875470528
0.46921207734622417
0.5954625555659848
0.13356423145999438
0.4720384130576352
0.7616097593245958
0.2496050834700647
0.6734311966857757
0.260535181869515
0.5528717510208521
0.49678981104463066
0.26884740902765897
0.6070651446211625
0.5668009791477716
0.5736698850670784
0.3588136088294875
0.4904462761380491
0.39046398533581245
0.390153801559894
0.7601267761785028
0.86570463907151
0.22600486237407838
0.6357816332256584
0.530706535459507
0.35406379744669275
0.4178678974436281
0.21404506304883703
0.40264173849284385
0.1413638870306888
0.0823796887507145
0.40239490740510725
0.6243419927523475
0.46002895139590455
0.2761617262167307
0.595560266936806
0.5699113325173637
0.3137769896508856
0.8613446453803099
0.5675824447726913
0.5509515179554446
0.41074085618448947
0.18426675909733248
0.3061966625568184
0.7308084124436943
0.5867521624896597
0.09197388570653517
0.6232901829490343
0.5872243855233722
0.3480979707973884
0.33537058585359864
0.3672073683871483
0.3967680361328407
0.5920609124934489
0.3184579518689186
0.825044755521875
0.5231525664005783
0.8061702032371515
0.13749152752796626
0.3901574643457645
0.48077594237313076
0.10707690558537727
0.29924883452420264
0.29109242537104313
0.355032549016101
0.6993371561373106
0.5400784397726094
0.6410346212223889
0.33223953747342455
0.3447426960250763
0.17651979745943744
0.2665073355794066
0.44958061290423895
0.5307599194368002
0.5973909921501914
0.24974839679948943
0.3067420610593977
0.4792460192614469
0.5896542285961011
0.3680290989648989
0.7381344550695575
0.23592911388891188
0.4088756964895478
0.34935773316690494
0.2667098325388949
0.6460236097442859
0.30380478416031104
0.3891625328067151
0.6949851670946939
0.37640252330063834
0.24190242713414675
0.5252499609646738
0.5545896118862009
0.3296429329455169
0.5610328944319586
0.2715537496186135
0.4352119208419966
0.5928548289596572
0.7960622312236242
0.5913537001250874
0.40082821974583605
0.5292050207885105
0.5183881331984869
0.5398584224885127
0.8258763899833906
0.2631575549167635
0.388872534133086
0.25556265664764327
0.5435183398214707
0.22164935458911011
0.4690454961014082
0.08160042613008966
0.7277911293324925
0.45412955879875533
0.483111212424922
0.7012775058287875
0.7856861855176442
0.3476934334969129
0.17686767507286683
0.30877681405800245
0.4701410208386852
0.3772250643343078
0.14196413206111436
0.5094040512101229
0.2763299999795688
0.11019401494096467
0.2349598409660055
0.5590535072399875
0.6030014481360995
0.515251287050394
0.45872795689276785
0.8199919794744056
0.6300449647567318
0.19475767814578954
0.1859470765021454
0.24641589268414996
0.3043767444423154
0.2846637188287781
0.29483548721235125
0.44523626517034187
0.3778258563337233
0.2873612424993304
0.2733947699988187
0.21693668185884515
0.7022667419363576
0.49487867421797477
0.13086023014621562
0.795405647895755
0.38646759908411943
0.6626369951022877
0.4733694157264298
0.38209269298457077
0.4944633616854092
0.3279323421489129
0.49275171189403594
0.4991732756314788
0.788713091985074
0.534780786131238
0.23085377754390227
0.5596068684641731
0.7840632095127468
0.5705221324877997
0.4147359194733747
0.6740904721848617
0.514515663082867
0.20266322380244445
0.6373544990022806
0.33924839363204173
0.24154407531082064
0.18455898907856622
0.3780949935505327
0.4816925207908857
0.5897710892872983
0.3605882014487733
0.5657848945202317
0.3668416926873258
0.5909161623217891
0.4430754075969295
0.32358091906191766
0.36797296971190413
0.5888037181272638
0.4448103043634146
0.572401575748615
0.27075184469965224
0.20387326609250506
0.611417102729093
0.6754656869737176
0.6190807219163268
0.5537332971144505
0.3694085653193361
0.3937039925548998
0.39402610051091874
0.6548091962590328
0.5657135581139016
0.19474054815626426
0.7648440222260238
0.3919519404881046
0.7554842569509732
0.8425254759151013
0.545755888137645
0.4675211922118518
0.32571674635458686
0.5558876843092331
0.7659168623521292
0.4152686797890433
0.26504379293112595
0.2384855620572198
0.4378188354075895
0.17651602196077879
0.39773035843958954
0.21562787873303949
0.8197137677050634
0.5613560349241412
0.5812968827218575
0.22851435846349552
0.19534276306585027
0.30113704485990855
0.10185066978265858
0.34171521676639843
0.6737838258062322
0.6267971057871459
0.2836980858623703
0.11517407763756651
0.7063540622331097
0.6532930580564437
0.29807914324862356
0.42420130390973154
0.40427976679227606
0.41415801535080976
0.7217253198140005
0.34881910766865876
0.3456153350459648
0.17386114843988526
0.371040102293311
0.35637157556783033
0.24472075079878738
0.44283746415793585
0.12106345736190319
0.6541931196487442
0.6881554285618728
0.6435299392814927
0.6073286061912058
0.2261988926489827
0.5453452182289054
0.4627759371699844
0.32115355295235487
0.608917759164635
0.12081933169181228
0.3740248864068783
0.2572780874833327
0.18131408705525978
0.3531024541475732
0.37793540364812134
0.34858223883630174
0.4343481806471497
0.35572559452817437
0.5032092031033333
0.5531694021661336
0.3083393478963272
0.35076953529519367
0.41523315527338517
0.5851287639119057
0.7683540508677336
0.5220403333210618
0.1404652740126948
0.7517783581499838
0.44721580971159974
0.35932924071784494
0.1085944401974682
0.5609265198863266
0.5048991099988394
0.31947609953003225
0.6322748537283123
0.6690736132017172
0.34079931363250593
0.2495143519014689
0.22950402927853794
0.6207268707818271
0.5635031475863138
0.5155917419114449
0.47692603276997697
0.293332476783337
0.32765413200848886
0.43995050389839724
0.4634845301530041
0.2830772883288005
0.4193868804362747
0.2723056837682124
0.6707159519369551
0.34332036012342143
0.3701538439598892
0.7209133788076337
0.34879217991953393
0.5182803415464005
0.7503286174675077
0.5152027895611405
0.6496687653360498
0.536489154035338
0.2590513531308582
0.7033947549868519
0.557228234812927
0.4072103301373026
0.10796964051570518
0.4031337621522328
0.7431059842427901
0.5577431804751734
0.3516810417347805
0.3649541897673409
0.6848204814074909
0.40993725176035267
0.32191461607485455
0.417047576974325
0.1783337559561395
0.48637951308359045
0.4243060043195915
0.4860288084168766
0.5056422342878502
0.09709254986114302
0.08302456678564132
0.6991453091098335
0.42169139444024
0.5383340949438854
0.07935268323675582
0.4820178048859041
0.2707509905634292
0.6199690673967572
0.6225844134234831
0.35693360422243836
0.42050300789741496
0.2951704809421198
0.4147073203117936
0.3147789063735759
0.10147156472920121
0.4915000751848399
0.2535654253929678
0.6929912618079092
0.4166776226930879
0.6007679118538474
0.588525930986516
0.32498451922243704
0.24081174236786937
0.6182189468690448
0.42585201390598504
0.7447198791548538
0.5400432169098969
0.28642095157229003
0.5895950295760548
0.3310279641559545
0.6270590126137291
0.15364104327596254
0.47292506814730123
0.4401249640575869
0.3328783049114811
0.7197894908961736
0.4353062756624992
0.08078691257498302
0.44842941097616174
0.2161246072030994
0.571002017241383
0.6796114626053888
0.430192368557457
0.6587231505146407
0.22795681081887068
0.37247419713506635
0.14739695965044572
0.6522542984505266
0.6961129415768912
0.4841764024272906
0.135292046831471
0.17499122936393038
0.43879611581426625
0.488951696452574
0.1160656507401612
0.6704221507045279
0.35359499969069413
0.49793207100637477
0.7042396095099687
0.32552439436875497
0.6062575255946709
0.7211998019265103
0.38961057835228324
0.7961646309953916
0.6291481260436009
0.5892335423318099
0.7480540579716699
0.081221201180602
0.4607061006545094
0.08011169885665725
0.6241583879682425
0.4521025773323907
0.6804022053719021
0.14462017758154438
0.48149595469824696
0.5000998140781123
0.8137276277584556
0.4487316056199669
0.38229814414699753
0.7707258779935746
0.8003108768944182
0.5754513290262675
0.7048201121983722
0.6812618246701886
0.14665978487699413
0.07280352950300159
0.4260788702811829
0.3309792869366921
0.3269407251845274
0.11077402583320756
0.39932125842958516
0.670116240716509
0.6915387880604094
0.2990735856651486
0.3639965973929178
0.5228140898563651
0.20390788705183358
0.5501932910884423
0.6622348458642163
0.44994906813413343
0.09828319269330163
0.07198088950414483
0.6023987715946892
0.7550293504133365
0.8106933964968742
0.607193021146113
0.3639000205884205
0.600960757382658
0.6982565988608563
0.3343821119047888
0.2789296235827557
0.5643929767081718
0.24736839138109365
0.41732876631211896
0.22345003252614434
0.4186264826834499
0.3204252291121597
0.44717285879511565
0.2917430951335994
0.28947606405545917
0.49901774663333115
0.4146114527401459
0.19586974458108924
0.1745489836869736
0.6067720123821954
0.30896132626330214
0.7583120703524721
0.4965264776890093
0.45017647628481544
0.6522473959776293
0.7007745350890158
0.48668590101857373
0.47731877137024453
0.40690717851995695
0.24080335306111053
0.43542680963909364
0.4475704637992067
0.7294173698207395
0.22316799613483437
0.3307998541989563
0.6587292001816402
0.3084543589468601
0.09130091669567073
0.6445425222237864
0.19647022399129133
0.49081676496467547
0.5037301900117476
0.5706371290094866
0.2972694506564319
0.35125006260104474
0.35584135539879475
0.4012119163346272
0.4589653201358459
0.6410411317247221
0.36898263287564553
0.35114067877587923
0.5207137737276898
0.26205805996376247
0.5850152230566655
0.26723678115948085
0.20410240917598285
0.5990966849707772
0.32425662753734025
0.3744113036736137
0.17963640910890794
0.7693735489014087
0.581999250092509
0.6802957040046609
0.2753785693996394
0.5374148438498593
0.8419958535508036
0.47910380525608437
0.3472593954428274
0.5256682517132786
0.6210385022828927
0.4150519860875255
0.5471660238315496
0.27169754513247174
0.6098700238454512
0.25653404816771774
0.7038155107853467
0.561842614417431
0.6599698669353757
0.5862087246978992
0.645168161277737
0.21426141439886917
0.7576810002981347
0.37287466581394835
0.3096607585493279
0.5061010431256561
0.7689107248050303
0.1841024072988377
0.5111831540967139
0.08718429398238192
0.5250332769367616
0.601129879284703
0.2398827016126914
0.34047325394397304
0.5432695632855972
0.12909658772879984
0.6597746546614535
0.1300439301376174
0.35422980210844657
0.20110095440047276
0.6272401662256202
0.18114545527547918
0.8227966737419152
0.31960414424577516
0.6730509898355749
0.5536932135925502
0.42581829881897343
0.3994712164041742
0.3319726810555807
0.4214949746001558
0.8022833395607917
0.43300475330320176
0.4715209819311705
0.254341282131016
0.404587922607707
0.20008325280357828
0.5530014326243643
0.8323124655637971
0.43308638364191127
0.3299366350835741
0.30809190096002764
0.22001996152928
0.13712376826526515
0.07619481650933721
0.749915257357796
0.7678014372685052
0.37228727066893763
0.4763688909966382
0.9236411263334103
0.4590546472289535
0.38814810780814263
0.4745285807331899
0.6821256822868595
0.46241805422737176
0.22028238563597144
0.5725026560265689
0.5021769547037996
0.5112487128390057
0.5227588069981963
0.44079921047021303
0.10353430803580788
0.2506486677938103
0.4107041262232647
0.39220134866383677
0.6679409215249882
0.7313584930658148
0.5621432413429254
0.5512309689172196
0.644122522480468
0.4455476133659922
0.7578093742279499
0.41952645361561347
0.2522060951928794
0.5418791384861849
0.1529857643908418
0.612711675236497
0.5132486998949248
0.19560625996471065
0.48284522158211357
0.5123355566773512
0.5214889899426435
0.18359740671483613
0.4700584067505933
0.20871831353829368
0.5005148968422443
0.08322641504127953
0.4698806206001131
0.40599776121468606
